Threads 
500000000,1,10.258858
500000000,2,19.633902
500000000,3,29.173203
500000000,4,38.602119
500000000,5,48.079391
500000000,6,57.273979
500000000,7,66.796967

50000000,1,1.095190
50000000,2,2.164197
50000000,3,3.195355
50000000,4,4.382400
50000000,5,5.273798
50000000,6,6.445749
50000000,7,7.215472
50000000,8,8.349737
50000000,9,9.312658
50000000,10,10.492560

Process
50000000,1,1.095238
50000000,1,2.177690
50000000,1,3.154265
50000000,1,4.099373
50000000,1,5.070617
50000000,1,6.311559
50000000,1,7.131271
50000000,1,8.106523
50000000,1,9.378660
50000000,1,10.238374